118
0 1
28 1
65 2
89 3
107 4
121 5
133 6
143 7
152 8
160 9
174 11
180 12
191 14
200 16
212 19
219 21
234 26
244 30
266 41
271 44
280 50
288 56
293 60
316 83
2333 2110
2338 2116
2347 2128
2353 2137
2358 2145
2361 2150
2366 2159
2377 2181
2381 2190
2384 2197
2390 2212
2393 2220
2397 2231
2404 2252
2408 2265
2414 2286
2417 2297
2425 2329
2428 2342
2430 2351
2433 2365
2441 2405
2445 2427
2448 2444
2452 2468
2455 2487
2457 2500
2464 2549
2468 2579
2473 2619
2477 2653
2481 2689
2483 2708
2490 2778
2496 2844
2499 2879
2500 2891
2503 2928
2507 2980
2509 3007
2512 3049
2515 3093
2516 3108
2518 3139
2522 3203
2527 3288
2529 3324
2531 3361
2534 3418
2538 3498
2540 3540
2542 3583
2544 3627
2547 3696
2549 3743
2551 3792
2553 3842
2556 3920
2559 4001
2561 4057
2563 4115
2565 4174
2567 4235
2568 4266
2570 4330
2572 4395
2575 4497
2577 4567
2579 4639
2580 4676
2582 4751
2585 4868
2586 4908
2588 4990
2590 5074
2591 5117
2593 5205
2595 5295
2596 5341
2598 5435
2599 5483
2600 5532
2602 5632
2604 5734
2605 5786
2606 5839
2607 5893
2609 6003
2610 6059
2612 6173
2614 6291
2615 6351
2616 6412
599 4385
6
