119
0 1
28 1
231 2
268 3
292 4
310 5
324 6
336 7
346 8
355 9
363 10
377 12
383 13
394 15
403 17
415 20
422 22
437 27
447 31
469 42
474 45
483 51
491 57
496 61
519 84
524 90
533 102
539 111
544 119
547 124
552 133
563 155
567 164
570 171
576 186
579 194
583 205
590 226
594 239
600 260
603 271
611 303
614 316
616 325
619 339
627 379
631 401
634 418
638 442
641 461
643 474
650 523
654 553
659 593
663 627
667 663
669 682
676 752
682 818
685 853
686 865
689 902
693 954
695 981
698 1023
701 1067
702 1082
704 1113
708 1177
713 1262
715 1298
717 1335
720 1392
724 1472
726 1514
728 1557
730 1601
733 1670
735 1717
737 1766
739 1816
742 1894
745 1975
747 2031
749 2089
751 2148
753 2209
754 2240
756 2304
758 2369
761 2471
763 2541
765 2613
766 2650
768 2725
771 2842
772 2882
774 2964
776 3048
777 3091
779 3179
781 3269
782 3315
784 3409
785 3457
786 3506
788 3606
790 3708
791 3760
792 3813
793 3867
795 3977
796 4033
798 4147
800 4265
801 4325
802 4386
700 4928
599 4385
8
