82
1 50000
2 25000
3 16667
4 12500
5 10000
6 8333
7 7143
8 6250
9 5556
10 5000
11 4545
12 4167
13 3846
14 3571
15 3333
16 3125
17 2941
18 2778
19 2632
20 2500
21 2381
22 2273
23 2174
24 2083
25 2000
26 1923
27 1852
28 1786
29 1724
30 1667
31 1613
32 1563
33 1515
34 1471
35 1429
36 1389
37 1351
38 1316
39 1282
40 1250
42 1190
44 1136
45 1111
46 1087
47 1064
49 1020
51 980
53 943
55 909
57 877
59 847
60 833
62 806
64 781
65 769
67 746
68 735
70 714
72 694
77 649
81 617
83 602
86 581
88 568
91 549
92 543
95 526
97 515
103 485
107 467
111 450
113 442
117 427
121 413
124 403
135 370
138 362
146 342
150 333
16593 414
16444 50081
8182 93983
9
