121
0 9
252 9
455 10
788 19
1004 28
1166 37
1292 46
1400 55
1490 64
1571 73
1643 82
1769 100
1823 109
1922 127
2003 145
2111 172
2174 190
2309 235
2399 271
2597 370
2642 397
2723 451
2795 505
2840 541
3047 748
5064 2775
5109 2829
5190 2937
5244 3018
5289 3090
5316 3135
5361 3216
5460 3414
5496 3495
5523 3558
5577 3693
5604 3765
5640 3864
5703 4053
5739 4170
5793 4359
5820 4458
5892 4746
5919 4863
5937 4944
5964 5070
6036 5430
6072 5628
6099 5781
6135 5997
6162 6168
6180 6285
6243 6726
6279 6996
6324 7356
6360 7662
6396 7986
6414 8157
6477 8787
6531 9381
6558 9696
6567 9804
6594 10137
6630 10605
6648 10848
6675 11226
6702 11622
6711 11757
6729 12036
6765 12612
6810 13377
6828 13701
6846 14034
6873 14547
6909 15267
6927 15645
6945 16032
6963 16428
6990 17049
7008 17472
7026 17913
7044 18363
7071 19065
7098 19794
7116 20298
7134 20820
7152 21351
7170 21900
7179 22179
7197 22755
7215 23340
7242 24258
7260 24888
7278 25536
7287 25869
7305 26544
7332 27597
7341 27957
7359 28695
7377 29451
7386 29838
7404 30630
7422 31440
7431 31854
7449 32700
7458 33132
7467 33573
7485 34473
7503 35391
7512 35859
7521 36336
7530 36822
7548 37812
7557 38316
7575 39342
7593 40404
7602 40944
7611 41493
7509 42035
5492 40008
5391 39465
10
